b02f29338e4b8ae5d53af2402656764.ecsv
# %ECSV 0.9
# ---
# datatype:
# - {name: '---', datatype: string, description: '[GRSMC]'}
# - {name: GRSMC, datatype: string, description: Molecular cloud name (GLLL.ll+BB.bb)
#     (1)}
# - {name: GLON, unit: deg, datatype: float64, description: Galactic longitude}
# - {name: GLAT, unit: deg, datatype: float64, description: Galactic latitude}
# - {name: Vlsr, unit: km / s, datatype: float64, description: Velocity of the peak
#     voxel of the emission}
# - {name: DeltaV, unit: km / s, datatype: float64, description: Velocity FWHM (2)}
# - {name: Tmb, unit: K, datatype: float64, description: Main beam temperature of the
#     peak voxel}
# - {name: GLONc, unit: deg, datatype: float64, description: Galactic longitude of centroid
#     (3)}
# - {name: GLATc, unit: deg, datatype: float64, description: Galactic latitude of centroid
#     (3)}
# - {name: a, unit: deg, datatype: float64, description: Semimajor axis of fitted ellipse
#     (4)}
# - {name: b, unit: deg, datatype: float64, description: Semiminor axis of fitted ellipse
#     (4)}
# - {name: pa, unit: deg, datatype: int64, description: '[-90/90] Position angle of
#     fitted ellipse (5)'}
# - {name: Area, unit: deg2, datatype: float64, description: Projected two-dimensional
#     area}
# - {name: Tav, unit: K, datatype: float64, description: Average main beam temperature
#     of the cloud (6)}
# - {name: Ipeak, unit: K km / s, datatype: float64, description: Peak integrated intensity}
# - {name: Itot, unit: K km / (deg2 s), datatype: float64, description: Total ^13^CO
#     integrated intensity}
# - {name: N(H2), unit: 1e+22 / cm2, datatype: float64, description: Peak H2 column
#     density}
# - {name: Flag, datatype: string, description: '[YXV- ] Boundary flag(s) (G1)'}
# - {name: Dist, unit: kpc, datatype: float64, description: Kinematic distance to the
#     cloud}
# - {name: radius, unit: pc, datatype: float64, description: Radius = sqrt(area)}
--- GRSMC GLON GLAT Vlsr DeltaV Tmb GLONc GLATc a b pa Area Tav Ipeak Itot N(H2) Flag Dist radius
[from data line 535]
GRSMC G036.44+00.84 36.44 0.84 42.4 3.6 1.27 36.51 0.75 0.29 0.13 46 0.07 1.07 9.9 0.1 4.9e+21 -- 2.78 12.8372258956
GRSMC G032.34+00.24 32.34 0.24 10.6 1.78 1.27 32.44 0.09 0.88 0.26 51 0.28 0.95 3.1 0.26 1.5e+21 Y 13.48 124.493384945
GRSMC G020.59-00.51 20.59 -0.51 65.4 1.42 1.27 20.69 -0.49 0.29 0.18 31 0.05 1.11 6.5 0.05 3.2e+21 -- 4.62 18.0303578097
GRSMC G038.89-00.26 38.89 -0.26 44.1 3.7 1.27 38.9 -0.46 0.25 0.23 19 0.1 0.77 10.9 0.08 5.4e+21 -- 2.9 16.0057255393
GRSMC G025.39+00.04 25.39 0.04 109.2 2.46 1.27 25.45 0.06 0.37 0.26 62 0.16 0.91 11.7 0.19 5.8e+21 -- 7.65 53.407075111
GRSMC G032.54+01.04 32.54 1.04 20.8 1.64 1.27 32.57 0.9 0.24 0.1 -7 0.05 0.79 3.4 0.04 1.7e+21 Y 1.5 5.85401227587
GRSMC G033.54-00.16 33.54 -0.16 85.8 5.95 1.27 33.57 -0.12 0.42 0.31 51 0.19 1.0 10.4 0.44 5.1e+21 -- nan nan
GRSMC G048.84+00.24 48.84 0.24 8.0 5.6 1.25 48.85 0.22 0.66 0.3 39 0.22 0.99 24.7 0.55 1.2e+22 Y 10.38 84.9739998316
GRSMC G030.89-00.81 30.89 -0.81 79.0 5.03 1.25 30.62 -0.83 0.57 0.11 -3 0.13 1.15 8.0 0.22 3.9e+21 Y 5.07 31.9048717409
GRSMC G021.74-00.01 21.74 -0.01 67.1 4.17 1.25 21.75 -0.13 0.19 0.13 56 0.05 0.95 10.4 0.09 5.1e+21 -- 11.15 43.5148245839
GRSMC G052.79+00.19 52.79 0.19 46.7 5.82 1.25 52.77 0.16 0.51 0.2 -37 0.2 1.0 9.4 0.26 4.6e+21 -- 4.68 36.5290366014
GRSMC G045.64-00.01 45.64 -0.01 7.6 3.88 1.25 45.66 -0.1 0.22 0.1 23 0.03 0.88 15.3 0.05 7.5e+21 Y 11.12 33.6157482171
GRSMC G032.84-00.61 32.84 -0.61 88.3 1.98 1.25 32.82 -0.56 0.4 0.2 -27 0.05 0.85 8.0 0.05 3.9e+21 -- 5.9 23.0257816184
GRSMC G029.99-00.06 29.99 -0.06 49.7 2.74 1.25 30.14 -0.13 0.5 0.14 -1 0.07 0.99 7.7 0.09 3.8e+21 -- 11.38 52.5495074433
GRSMC G036.84+01.04 36.84 1.04 13.5 2.22 1.25 36.75 0.8 0.36 0.15 -39 0.08 1.35 2.9 0.08 1.4e+21 Y 12.55 61.9535343043
GRSMC G035.24-00.26 35.24 -0.26 61.2 4.5 1.25 35.46 -0.15 0.41 0.36 -69 0.28 0.94 14.5 0.43 7.1e+21 Y 4.0 36.9416572536
GRSMC G039.69-00.56 39.69 -0.56 83.2 5.08 1.25 39.71 -0.41 0.62 0.29 19 0.24 0.82 9.1 0.47 4.5e+21 -- 6.55 56.0046759171
GRSMC G026.24+00.24 26.24 0.24 70.9 3.41 1.25 26.29 0.19 0.26 0.16 -51 0.09 1.02 9.8 0.25 4.8e+21 -- 10.62 55.6061899685
GRSMC G021.84+00.59 21.84 0.59 29.3 1.64 1.25 21.95 0.61 0.38 0.06 -35 0.02 0.88 5.3 0.01 2.6e+21 -- 13.35 32.9513817913
GRSMC G027.04-00.16 27.04 -0.16 103.7 2.53 1.23 26.96 -0.1 0.33 0.18 -5 0.09 1.05 13.5 0.14 6.7e+21 -- 8.5 44.5058959259
GRSMC G023.89+00.09 23.89 0.09 38.6 5.08 1.23 23.81 -0.09 0.47 0.18 -28 0.06 1.02 24.4 0.13 1.2e+22 -- 2.95 12.6117399966
GRSMC G052.79-00.56 52.79 -0.56 46.3 4.94 1.23 52.64 -0.62 0.53 0.16 -1 0.05 0.96 12.6 0.06 6.2e+21 -- 5.78 22.5574606363
GRSMC G049.09-00.06 49.09 -0.06 46.7 2.25 1.23 49.16 -0.11 0.17 0.1 -4 0.03 1.21 11.1 0.06 5.4e+21 -- 7.5 22.6724920529
GRSMC G035.39-00.01 35.39 -0.01 93.9 3.81 1.23 35.39 -0.1 0.34 0.18 20 0.05 1.03 16.4 0.09 8.1e+21 -- 6.93 27.0455367145
GRSMC G052.64+00.14 52.64 0.14 59.0 6.02 1.23 52.53 -0.01 0.47 0.28 2 0.19 0.86 9.8 0.28 4.8e+21 -- 5.12 38.9514948232
GRSMC G017.94-00.36 17.94 -0.36 5.0 6.67 1.23 18.29 -0.35 0.49 0.4 52 0.16 0.76 7.6 0.08 3.7e+21 X 15.48 108.070787283
GRSMC G039.49+00.29 39.49 0.29 42.4 3.59 1.23 39.58 0.25 0.14 0.1 31 0.03 1.03 4.1 0.03 2e+21 -- 2.8 8.46439703309
GRSMC G038.54+00.94 38.54 0.94 11.8 1.86 1.23 38.64 0.88 0.2 0.12 -31 0.04 1.09 2.8 0.04 1.4e+21 Y 0.95 3.31612557879
GRSMC G022.29-00.91_4.2 22.29 -0.91 4.2 4.52 1.21 22.11 -0.9 0.65 0.09 8 0.04 1.25 2.8 0.03 1.4e+21 Y 11.2 39.0953752447
GRSMC G033.34+00.84 33.34 0.84 10.6 1.18 1.21 33.37 0.84 0.25 0.13 -37 0.07 1.1 4.4 0.09 2.2e+21 Y 0.9 4.15593644103
GRSMC G038.69-00.06 38.69 -0.06 36.1 3.44 1.21 38.73 -0.12 0.49 0.23 83 0.14 0.87 4.7 0.11 2.3e+21 -- 2.38 15.5424093296
GRSMC G050.84-00.11 50.84 -0.11 50.5 4.42 1.21 51.05 -0.27 0.65 0.35 75 0.22 0.78 9.0 0.18 4.4e+21 -- 6.05 49.5272349693
GRSMC G033.59-00.41 33.59 -0.41 58.2 6.76 1.19 33.8 -0.33 0.62 0.27 44 0.2 0.85 8.5 0.26 4.2e+21 -- 3.8 29.6603288644
GRSMC G022.99+00.74 22.99 0.74 8.9 1.77 1.19 23.27 0.5 0.5 0.17 49 0.12 1.0 2.8 0.09 1.4e+21 Y 0.9 5.4413980927
GRSMC G021.49-00.26 21.49 -0.26 113.0 3.36 1.19 21.62 -0.13 0.43 0.16 -61 0.04 0.59 8.8 0.02 4.3e+21 -- 8.15 28.4488668075
GRSMC G047.74-00.41 47.74 -0.41 41.2 2.97 1.19 47.76 -0.4 0.58 0.25 81 0.1 0.85 7.3 0.09 3.6e+21 -- 2.97 16.3920706386
GRSMC G021.49-00.71 21.49 -0.71 74.8 4.28 1.17 21.36 -0.67 0.47 0.23 -1 0.18 0.88 9.2 0.29 4.5e+21 -- 10.8 79.9718928869
GRSMC G036.09-00.81 36.09 -0.81 29.3 1.57 1.17 36.22 -0.86 0.23 0.09 17 0.05 1.08 4.8 0.07 2.4e+21 Y 1.98 7.72729620414
GRSMC G032.04-00.21 32.04 -0.21 96.4 3.44 1.17 31.84 -0.43 0.48 0.15 -34 0.09 1.05 11.1 0.21 5.5e+21 -- 6.85 35.8665161285
GRSMC G036.14+00.64 36.14 0.64 22.5 0.92 1.17 36.19 0.65 0.29 0.22 30 0.06 1.17 3.5 0.06 1.7e+21 Y 1.58 6.75476243885
GRSMC G041.24-00.56 41.24 -0.56 75.6 6.04 1.17 41.45 -0.54 0.37 0.36 -41 0.12 0.7 6.3 0.08 3.1e+21 -- 6.4 38.694386437
GRSMC G049.84+00.39 49.84 0.39 6.3 4.18 1.17 50.22 0.38 0.78 0.41 -30 0.17 0.8 21.7 0.2 1.1e+22 Y nan nan
GRSMC G020.49-00.21 20.49 -0.21 115.1 2.87 1.17 20.39 -0.16 0.35 0.18 -5 0.1 0.84 8.1 0.17 4e+21 -- 7.65 42.2220001296
GRSMC G046.94-00.66 46.94 -0.66 50.9 1.82 1.17 46.96 -0.72 0.16 0.09 54 0.02 0.79 7.8 0.02 3.8e+21 -- 3.83 9.45346758508
GRSMC G032.54+00.34 32.54 0.34 76.4 4.19 1.15 32.53 0.06 0.38 0.18 89 0.08 0.99 12.5 0.12 6.2e+21 -- 9.38 46.3047132888
GRSMC G035.74+00.99 35.74 0.99 81.1 1.65 1.15 36.0 0.69 0.4 0.13 42 0.07 0.79 4.7 0.06 2.3e+21 Y 8.18 37.7728445418
GRSMC G018.54+00.09 18.54 0.09 125.3 5.09 1.15 18.46 0.02 0.64 0.15 9 0.13 0.81 7.9 0.12 3.9e+21 X 8.02 50.4688503673
GRSMC G020.34-00.21 20.34 -0.21 96.4 6.97 1.15 20.3 -0.19 0.62 0.36 -9 0.03 0.91 13.9 0.04 6.9e+21 -- nan nan
GRSMC G039.39-00.91 39.39 -0.91 53.1 3.39 1.15 39.4 -0.51 0.52 0.23 86 0.05 0.77 6.8 0.03 3.3e+21 Y 3.53 13.7764422225
GRSMC G021.34+00.09 21.34 0.09 114.3 2.76 1.13 21.35 0.09 0.23 0.11 -19 0.06 0.94 8.7 0.1 4.3e+21 -- 7.9 33.7738121943
GRSMC G032.09-00.06 32.09 -0.06 48.4 4.88 1.13 31.96 -0.22 0.35 0.12 -7 0.03 0.6 7.3 0.02 3.6e+21 -- nan nan
GRSMC G027.94+00.19 27.94 0.19 42.0 3.91 1.13 27.87 0.16 0.26 0.11 9 0.04 0.89 13.6 0.09 6.7e+21 -- 2.95 10.2974425868
GRSMC G028.29-00.61 28.29 -0.61 5.9 7.01 1.13 28.22 -0.57 0.61 0.36 -13 0.17 0.83 3.6 0.11 1.8e+21 -- 0.62 4.46162965162
GRSMC G019.49+00.14 19.49 0.14 113.4 4.76 1.13 19.63 0.04 0.46 0.22 2 0.08 0.89 12.7 0.07 6.2e+21 -- 8.75 43.1946952321
GRSMC G019.14+00.44 19.14 0.44 18.6 1.95 1.13 19.14 0.38 0.4 0.28 47 0.06 0.91 6.2 0.04 3.1e+21 -- 1.8 7.69529898097
GRSMC G034.69+00.19 34.69 0.19 31.4 4.16 1.13 34.64 0.11 0.49 0.26 17 0.09 0.79 7.7 0.05 3.8e+21 -- nan nan
GRSMC G038.69-00.11 38.69 -0.11 42.0 2.41 1.13 38.78 -0.11 0.24 0.15 -37 0.02 1.01 3.3 0.02 1.6e+21 -- 2.75 6.78773782219
GRSMC G031.54-00.36 31.54 -0.36 90.1 3.46 1.13 31.45 -0.43 0.39 0.23 29 0.1 0.89 11.2 0.09 5.5e+21 -- 8.6 47.4652550477
GRSMC G025.64+00.04_88.8 25.64 0.04 88.8 3.93 1.13 25.63 -0.11 0.25 0.13 53 0.05 0.82 10.7 0.06 5.3e+21 -- nan nan
GRSMC G041.24+00.39 41.24 0.39 71.3 2.22 1.1 41.38 0.03 0.55 0.31 45 0.05 0.86 7.3 0.04 3.6e+21 -- 5.53 21.5817919237
GRSMC G031.39-00.26 31.39 -0.26 87.1 4.13 1.1 31.17 -0.12 0.46 0.41 -79 0.32 0.85 17.8 0.44 8.8e+21 -- 8.88 87.6728899797
GRSMC G024.44+00.19 24.44 0.19 35.6 5.46 1.1 24.39 -0.01 0.47 0.25 23 0.08 0.8 8.6 0.12 4.2e+21 -- 12.77 63.0395723559
GRSMC G032.79-00.11 32.79 -0.11 37.3 2.75 1.1 32.48 -0.09 0.84 0.19 -5 0.08 0.92 10.7 0.09 5.2e+21 -- nan nan
GRSMC G025.84+00.09 25.84 0.09 30.5 3.33 1.1 25.89 0.06 0.43 0.17 15 0.07 1.02 11.8 0.12 5.8e+21 -- 2.3 10.6207264604
GRSMC G035.99+00.64 35.99 0.64 62.0 4.25 1.1 35.98 0.3 0.64 0.43 43 0.07 0.96 5.1 0.06 2.5e+21 -- 4.07 18.7940681278
GRSMC G026.34+00.04 26.34 0.04 55.2 4.32 1.1 26.32 0.03 0.27 0.18 -59 0.04 1.01 13.0 0.1 6.4e+21 -- 3.8 13.2645023152
GRSMC G037.74-00.46 37.74 -0.46 74.8 4.32 1.1 38.14 -0.36 0.78 0.36 -14 0.33 0.85 6.1 0.36 3e+21 -- 5.25 52.6373044413
GRSMC G052.34+00.34 52.34 0.34 47.1 5.15 1.1 52.36 0.06 0.39 0.19 88 0.12 0.97 11.3 0.25 5.6e+21 -- 4.5 27.2069904635
GRSMC G019.59-00.91 19.59 -0.91 36.1 3.33 1.1 19.48 -0.44 0.66 0.42 63 0.06 0.86 11.8 0.07 5.8e+21 Y 3.1 13.2530149117
GRSMC G041.84-00.81 41.84 -0.81 36.5 1.52 1.1 41.95 -0.82 0.09 0.06 -45 0.01 0.57 2.2 0.01 1.1e+21 Y 2.42 4.22369678983
GRSMC G038.04+00.19 38.04 0.19 42.9 2.58 1.1 38.16 0.12 0.12 0.08 36 0.02 0.59 4.0 0.02 1.9e+21 -- 2.8 6.91115123714
GRSMC G034.19-00.21 34.19 -0.21 39.0 3.53 1.1 34.26 -0.18 0.46 0.24 66 0.1 0.88 10.6 0.1 5.2e+21 -- nan nan
GRSMC G028.34-00.06 28.34 -0.06 34.4 4.99 1.1 28.55 -0.07 0.51 0.28 -10 0.07 0.92 13.3 0.07 6.5e+21 -- 12.52 57.8136936019
GRSMC G021.19-00.31 21.19 -0.31 35.6 4.47 1.1 21.0 -0.22 0.3 0.23 30 0.11 0.86 16.3 0.21 8e+21 -- 12.93 74.8466272799
GRSMC G031.04+00.29_114.3 31.04 0.29 114.3 2.83 1.08 30.98 0.14 0.41 0.19 -59 0.05 1.05 5.7 0.07 2.8e+21 -- 6.65 25.9527877563
GRSMC G048.89+00.04 48.89 0.04 42.9 5.61 1.08 48.85 0.11 0.3 0.12 53 0.03 0.84 3.0 0.03 1.5e+21 -- 3.22 9.73405658806
GRSMC G025.94+00.24 25.94 0.24 70.5 4.74 1.08 25.98 0.16 0.3 0.2 -21 0.07 0.98 7.1 0.14 3.5e+21 -- 4.62 21.333807064
GRSMC G022.19-00.81 22.19 -0.81 71.3 2.6 1.08 22.37 -0.77 0.41 0.12 -29 0.07 1.06 10.0 0.12 4.9e+21 Y nan nan
GRSMC G023.24-00.26 23.24 -0.26 3.8 3.79 1.08 23.34 -0.18 0.28 0.13 -35 0.06 0.93 2.3 0.04 1.1e+21 -- nan nan
GRSMC G027.44-00.86 27.44 -0.86 86.7 2.07 1.08 27.53 -0.91 0.18 0.07 3 0.03 1.1 7.2 0.05 3.5e+21 Y 9.65 29.1719397748
GRSMC G048.29-00.66 48.29 -0.66 57.8 2.68 1.08 48.42 -0.73 0.18 0.09 0 0.04 0.76 8.4 0.05 4.1e+21 -- 5.62 19.6175007924
GRSMC G033.64+00.24 33.64 0.24 42.4 8.21 1.08 33.72 0.05 0.38 0.17 75 0.06 0.85 12.6 0.09 6.2e+21 -- nan nan
GRSMC G042.44-00.51 42.44 -0.51 33.9 3.41 1.08 42.48 -0.53 0.25 0.15 34 0.05 0.87 5.4 0.06 2.7e+21 -- 2.28 8.89809865932
GRSMC G023.14+00.19 23.14 0.19 20.3 4.67 1.08 23.41 0.08 0.77 0.27 9 0.1 0.85 8.9 0.18 4.4e+21 -- 13.93 76.8826747459
GRSMC G025.69+00.39 25.69 0.39 57.3 2.68 1.08 25.83 0.3 0.34 0.19 85 0.06 0.8 7.5 0.07 3.7e+21 -- 11.38 48.6513902241
GRSMC G029.94+00.04 29.94 0.04 7.6 1.66 1.06 29.96 -0.09 0.54 0.27 -60 0.16 0.91 6.0 0.17 2.9e+21 -- 14.0 97.7384381117
GRSMC G046.14-00.21 46.14 -0.21 25.4 3.19 1.06 46.08 -0.14 0.71 0.28 -63 0.12 0.81 4.6 0.1 2.3e+21 -- 1.8 10.8827961854
GRSMC G024.24-00.76 24.24 -0.76 43.7 2.59 1.06 24.18 -0.63 0.33 0.17 25 0.1 0.88 7.5 0.14 3.7e+21 -- 3.25 17.9374510355
GRSMC G048.19-00.81 48.19 -0.81 57.8 2.81 1.06 48.13 -0.86 0.18 0.1 -9 0.05 1.03 10.9 0.19 5.3e+21 Y 5.65 22.0501129058
GRSMC G019.39-00.06 19.39 -0.06 66.7 2.87 1.06 19.44 -0.15 0.28 0.21 -43 0.07 0.9 8.2 0.06 4e+21 -- nan nan
GRSMC G046.94-00.31 46.94 -0.31 40.7 3.52 1.06 46.76 -0.46 0.68 0.24 -19 0.05 0.8 6.1 0.04 3e+21 -- 2.9 11.3177570667
GRSMC G055.14+00.14_39.0 55.14 0.14 39.0 3.48 1.06 55.25 0.15 0.4 0.14 -8 0.09 0.85 5.0 0.08 2.5e+21 -- 3.78 19.7920337176
GRSMC G032.79+00.89 32.79 0.89 9.3 1.41 1.06 32.84 0.83 0.21 0.13 59 0.05 0.89 3.1 0.05 1.5e+21 Y 0.82 3.20019337747
GRSMC G052.49-00.41 52.49 -0.41 61.6 4.64 1.06 52.26 -0.42 0.52 0.39 65 0.26 0.94 13.7 0.4 6.8e+21 Y 5.15 45.8322597549
GRSMC G053.79-00.16 53.79 -0.16 47.5 6.16 1.06 54.03 -0.28 0.49 0.3 52 0.05 0.85 13.1 0.08 6.5e+21 -- 5.0 19.5133742529
GRSMC G050.44+00.64 50.44 0.64 58.6 1.58 1.06 50.61 0.6 0.22 0.05 -5 0.02 0.83 4.8 0.02 2.4e+21 -- 5.4 13.3286488145
GRSMC G042.19-00.61 42.19 -0.61 34.8 3.06 1.06 42.17 -0.55 0.53 0.19 64 0.1 0.82 4.9 0.12 2.4e+21 -- 2.33 12.8597725885
GRSMC G045.64+00.29 45.64 0.29 26.7 2.93 1.06 45.89 0.31 0.57 0.19 -26 0.21 0.99 7.2 0.32 3.5e+21 -- 1.88 15.0364344106
GRSMC G047.54-00.56 47.54 -0.56 59.9 3.29 1.06 47.64 -0.5 0.53 0.13 -68 0.06 0.79 6.4 0.05 3.1e+21 -- 5.75 24.5822050781
GRSMC G028.09-00.11 28.09 -0.11 45.4 2.01 1.06 28.2 -0.18 0.27 0.14 52 0.07 1.06 8.4 0.1 4.1e+21 -- 3.15 14.5457775436
GRSMC G028.74+00.44 28.74 0.44 92.2 4.6 1.04 28.85 0.23 0.52 0.31 -2 0.1 0.94 12.5 0.12 6.1e+21 -- nan nan
GRSMC G027.19-00.11 27.19 -0.11 47.5 5.95 1.04 27.29 -0.16 0.38 0.05 4 0.03 0.82 9.8 0.04 4.8e+21 -- 3.33 10.0665864715
GRSMC G045.84-00.56 45.84 -0.56 50.1 4.63 1.04 45.69 -0.47 0.48 0.31 -35 0.19 0.98 7.2 0.27 3.5e+21 -- 3.62 27.5399240742
GRSMC G052.89-00.66 52.89 -0.66 47.5 3.68 1.04 52.61 -0.62 0.44 0.14 10 0.12 0.74 12.9 0.12 6.4e+21 -- 5.1 30.834589192
GRSMC G040.69+00.74 40.69 0.74 36.1 4.93 1.04 40.77 0.58 0.62 0.34 -31 0.09 0.97 6.0 0.12 2.9e+21 -- 2.4 12.5663706144
GRSMC G046.79+00.04 46.79 0.04 48.8 3.35 1.04 46.69 -0.05 0.29 0.12 -12 0.05 0.79 8.0 0.05 3.9e+21 -- 3.6 14.0496294621
GRSMC G045.24+00.19 45.24 0.19 26.3 5.45 1.04 45.34 0.14 0.17 0.1 -35 0.06 1.01 3.3 0.07 1.6e+21 -- nan nan
GRSMC G040.59-00.71 40.59 -0.71 67.1 4.48 1.04 40.37 -0.55 0.52 0.24 20 0.23 0.93 11.5 0.49 5.6e+21 -- nan nan
GRSMC G021.69-00.01 21.69 -0.01 22.0 2.78 1.04 21.8 -0.06 0.14 0.05 -5 0.02 0.89 12.0 0.04 5.9e+21 -- 13.88 34.2595639898
GRSMC G036.14+00.09 36.14 0.09 75.6 3.92 1.04 36.28 0.01 0.26 0.08 36 0.02 0.8 7.3 0.03 3.6e+21 -- 5.15 12.7115817397
GRSMC G031.34-00.66 31.34 -0.66 84.9 2.91 1.04 31.39 -0.6 0.23 0.17 41 0.08 1.01 11.3 0.15 5.6e+21 -- 9.05 44.6756562115
GRSMC G025.69+00.04 25.69 0.04 55.2 3.75 1.02 25.43 0.07 0.41 0.2 26 0.16 0.94 16.5 0.32 8.1e+21 -- 11.5 80.2851455917
GRSMC G049.04+00.49 49.04 0.49 54.3 2.16 1.02 49.05 0.29 0.48 0.29 -53 0.09 0.72 6.3 0.06 3.1e+21 Y 4.8 25.1327412287
GRSMC G041.14+00.79 41.14 0.79 34.8 5.61 1.02 41.26 0.55 0.56 0.15 50 0.1 0.88 3.4 0.1 1.7e+21 Y 2.33 12.8597725885
GRSMC G032.64-00.36 32.64 -0.36 104.5 2.64 1.02 32.66 -0.34 0.43 0.14 -28 0.03 0.83 9.4 0.05 4.6e+21 -- 7.15 21.6144424238
GRSMC G053.49+00.49 53.49 0.49 49.2 3.94 1.02 53.61 0.37 0.45 0.17 38 0.03 0.79 8.7 0.03 4.3e+21 -- 5.05 15.266144649
GRSMC G032.54-00.26 32.54 -0.26 44.1 2.31 1.02 32.55 -0.35 0.45 0.12 30 0.05 0.86 8.8 0.08 4.3e+21 -- 11.4 44.4904932966
GRSMC G028.24+00.34 28.24 0.34 55.6 3.32 1.02 28.18 0.31 0.25 0.12 -20 0.03 0.63 8.0 0.02 3.9e+21 -- 3.75 11.3362460265
GRSMC G025.19+00.09 25.19 0.09 45.4 2.53 1.02 25.33 0.34 0.46 0.24 -66 0.14 0.89 16.7 0.16 8.2e+21 -- 3.3 21.5503994907
GRSMC G019.14+00.34 19.14 0.34 28.8 5.99 1.02 19.29 0.2 0.58 0.44 -48 0.09 0.82 7.5 0.07 3.7e+21 -- nan nan
GRSMC G046.59+00.34 46.59 0.34 5.9 1.65 1.02 46.59 0.28 0.11 0.09 -65 0.03 1.03 9.8 0.05 4.8e+21 -- 0.65 1.96494931125
GRSMC G038.89-00.81 38.89 -0.81 8.9 4.84 1.02 38.9 -0.9 0.27 0.09 -5 0.03 0.76 1.1 0.01 5.3e+20 Y nan nan
GRSMC G028.44-00.01 28.44 -0.01 43.7 2.33 1.02 28.53 -0.03 0.34 0.06 -3 0.03 0.8 13.8 0.04 6.8e+21 -- 3.03 9.15968678938
GRSMC G055.64+00.14 55.64 0.14 47.5 4.6 1.02 55.48 -0.04 0.42 0.24 -69 0.08 1.0 12.4 0.11 6.1e+21 X 4.8 23.6953756702
GRSMC G022.29-00.91_65.4 22.29 -0.91 65.4 4.14 1.0 22.32 -0.66 0.41 0.32 -39 0.19 0.85 10.0 0.33 4.9e+21 Y 11.2 85.2063949257
GRSMC G041.04-00.66 41.04 -0.66 75.2 2.94 1.0 40.96 -0.72 0.37 0.07 2 0.03 0.69 9.7 0.03 4.8e+21 -- 6.38 19.2867332397
GRSMC G018.34-00.86 18.34 -0.86 39.0 2.53 1.0 18.67 -0.7 0.46 0.28 -3 0.17 0.91 3.6 0.14 1.8e+21 Y 12.73 91.6073313954
GRSMC G023.34+00.69 23.34 0.69 37.3 2.19 1.0 23.59 0.68 0.38 0.26 -14 0.03 0.76 3.7 0.01 1.8e+21 Y nan nan
GRSMC G020.84+00.14 20.84 0.14 58.6 4.45 1.0 20.81 -0.08 0.23 0.14 -57 0.08 0.97 11.3 0.11 5.6e+21 -- 11.6 57.2638245363
GRSMC G038.69+00.44 38.69 0.44 16.9 4.1 1.0 38.9 0.37 0.32 0.22 72 0.14 0.79 10.9 0.09 5.3e+21 -- 1.25 8.1630301101
GRSMC G048.89+00.24 48.89 0.24 46.3 1.67 1.0 48.79 0.09 0.28 0.13 -21 0.05 0.67 6.2 0.03 3.1e+21 -- 7.62 29.7383823614
GRSMC G050.09+00.84 50.09 0.84 29.7 2.69 1.0 50.14 0.82 0.08 0.05 71 0.01 1.09 7.9 0.03 3.9e+21 -- 8.7 15.1843644924
GRSMC G040.84-00.16 40.84 -0.16 23.7 5.11 1.0 40.82 -0.22 0.16 0.08 30 0.04 0.95 11.0 0.08 5.4e+21 -- 1.65 5.75958653158
GRSMC G026.29+00.29 26.29 0.29 87.5 4.17 0.98 26.39 0.17 0.47 0.34 15 0.07 0.74 6.7 0.06 3.3e+21 -- nan nan
GRSMC G030.94-00.06 30.94 -0.06 67.9 4.21 0.98 30.75 0.12 0.48 0.23 37 0.16 1.05 6.7 0.16 3.3e+21 -- 4.4 30.7177948351
