b02f29338e4b8ae5d53af2402656764.ecsv
# %ECSV 0.9
# ---
# datatype:
# - {name: '---', datatype: string, description: '[GRSMC]'}
# - {name: GRSMC, datatype: string, description: Molecular cloud name (GLLL.ll+BB.bb)
#     (1)}
# - {name: GLON, unit: deg, datatype: float64, description: Galactic longitude}
# - {name: GLAT, unit: deg, datatype: float64, description: Galactic latitude}
# - {name: Vlsr, unit: km / s, datatype: float64, description: Velocity of the peak
#     voxel of the emission}
# - {name: DeltaV, unit: km / s, datatype: float64, description: Velocity FWHM (2)}
# - {name: Tmb, unit: K, datatype: float64, description: Main beam temperature of the
#     peak voxel}
# - {name: GLONc, unit: deg, datatype: float64, description: Galactic longitude of centroid
#     (3)}
# - {name: GLATc, unit: deg, datatype: float64, description: Galactic latitude of centroid
#     (3)}
# - {name: a, unit: deg, datatype: float64, description: Semimajor axis of fitted ellipse
#     (4)}
# - {name: b, unit: deg, datatype: float64, description: Semiminor axis of fitted ellipse
#     (4)}
# - {name: pa, unit: deg, datatype: int64, description: '[-90/90] Position angle of
#     fitted ellipse (5)'}
# - {name: Area, unit: deg2, datatype: float64, description: Projected two-dimensional
#     area}
# - {name: Tav, unit: K, datatype: float64, description: Average main beam temperature
#     of the cloud (6)}
# - {name: Ipeak, unit: K km / s, datatype: float64, description: Peak integrated intensity}
# - {name: Itot, unit: K km / (deg2 s), datatype: float64, description: Total ^13^CO
#     integrated intensity}
# - {name: N(H2), unit: 1e+22 / cm2, datatype: float64, description: Peak H2 column
#     density}
# - {name: Flag, datatype: string, description: '[YXV- ] Boundary flag(s) (G1)'}
# - {name: Dist, unit: kpc, datatype: float64, description: Kinematic distance to the
#     cloud}
# - {name: radius, unit: pc, datatype: float64, description: Radius = sqrt(area)}
--- GRSMC GLON GLAT Vlsr DeltaV Tmb GLONc GLATc a b pa Area Tav Ipeak Itot N(H2) Flag Dist radius
[from data line 671]
GRSMC G027.84+00.39 27.84 0.39 7.2 6.27 0.98 27.88 0.32 0.49 0.26 -53 0.05 0.86 2.7 0.03 1.3e+21 -- 0.73 2.84895264092
GRSMC G029.94-00.31 29.94 -0.31 48.0 2.93 0.98 29.95 -0.37 0.2 0.16 86 0.05 0.77 3.9 0.04 1.9e+21 -- 3.25 12.6836932644
GRSMC G019.24-00.41 19.24 -0.41 43.7 5.91 0.98 19.15 -0.62 0.48 0.32 -77 0.33 0.96 10.0 0.7 4.9e+21 Y nan nan
GRSMC G046.09+00.24 46.09 0.24 15.2 7.47 0.98 46.17 0.17 0.89 0.36 -67 0.12 0.8 10.7 0.11 5.2e+21 -- nan nan
GRSMC G026.69-00.66 26.69 -0.66 8.4 1.75 0.98 26.57 -0.56 0.38 0.2 71 0.04 0.81 2.0 0.02 9.7e+20 -- 0.8 2.79252680319
GRSMC G022.04-00.86 22.04 -0.86 67.5 3.16 0.98 22.04 -0.9 0.27 0.08 -3 0.06 0.96 9.8 0.14 4.8e+21 Y 11.12 47.539847038
GRSMC G021.44+00.44 21.44 0.44 46.3 4.55 0.98 21.9 -0.0 0.64 0.34 50 0.11 0.85 6.8 0.11 3.4e+21 -- nan nan
GRSMC G025.64+00.04_24.6 25.64 0.04 24.6 5.14 0.98 25.68 -0.12 0.34 0.15 75 0.04 0.92 9.9 0.07 4.9e+21 -- nan nan
GRSMC G030.99+00.44 30.99 0.44 112.2 1.38 0.98 31.05 0.32 0.08 0.06 45 0.01 1.04 3.9 0.02 1.9e+21 -- 7.25 12.653637077
GRSMC G055.29+00.99 55.29 0.99 7.2 6.32 0.98 55.12 0.66 0.65 0.46 10 0.08 0.77 5.6 0.08 2.8e+21 Y 8.83 43.5896181599
GRSMC G039.09+00.49 39.09 0.49 22.9 3.26 0.98 39.07 0.42 0.44 0.14 -28 0.07 0.8 8.3 0.08 4.1e+21 -- 11.6 53.5654030178
GRSMC G024.19-00.66 24.19 -0.66 86.7 5.77 0.98 24.17 -0.71 0.35 0.07 -26 0.03 0.8 10.9 0.05 5.4e+21 -- 10.05 30.3811393509
GRSMC G043.14-00.76 43.14 -0.76 59.0 3.27 0.98 42.89 -0.74 0.49 0.22 -10 0.16 0.82 13.0 0.19 6.4e+21 Y 8.15 56.897733615
GRSMC G037.49-00.06 37.49 -0.06 57.3 5.43 0.98 37.61 -0.37 0.61 0.44 27 0.16 0.82 10.4 0.19 5.1e+21 -- nan nan
GRSMC G021.34+00.84 21.34 0.84 35.6 3.99 0.98 21.31 0.74 0.46 0.35 30 0.08 0.77 4.2 0.06 2.1e+21 Y nan nan
GRSMC G017.94+00.94 17.94 0.94 1.2 3.05 0.96 18.11 0.73 0.49 0.1 63 0.04 0.78 1.7 0.02 8.2e+20 XY 15.83 55.2571241181
GRSMC G028.49+00.34 28.49 0.34 38.6 2.57 0.96 28.7 0.21 0.49 0.26 18 0.06 0.71 6.3 0.06 3.1e+21 -- nan nan
GRSMC G025.59+00.24_9.7 25.59 0.24 9.7 7.73 0.96 25.73 0.39 0.69 0.53 15 0.11 0.79 3.5 0.06 1.7e+21 -- 7.65 44.2828073234
GRSMC G029.29-00.56 29.29 -0.56 21.2 5.0 0.96 29.4 -0.65 0.17 0.07 49 0.02 0.79 4.1 0.01 2e+21 -- 1.58 3.89986391238
GRSMC G020.54+00.19 20.54 0.19 121.1 2.97 0.96 20.52 -0.03 0.24 0.1 -49 0.05 0.7 6.3 0.04 3.1e+21 -- 7.93 30.9482115651
GRSMC G031.59+00.39 31.59 0.39 24.6 7.52 0.96 31.39 0.33 0.56 0.32 57 0.1 0.8 7.7 0.14 3.8e+21 -- 12.73 70.259615902
GRSMC G037.74+00.19 37.74 0.19 45.4 1.74 0.96 37.76 -0.08 0.25 0.15 -73 0.04 0.67 5.7 0.02 2.8e+21 -- nan nan
GRSMC G046.99-00.41 46.99 -0.41 48.0 2.06 0.96 47.05 -0.53 0.19 0.09 -87 0.03 0.76 4.8 0.04 2.4e+21 -- 8.07 24.395601449
GRSMC G020.84+00.44 20.84 0.44 22.0 3.98 0.96 20.63 0.26 0.3 0.15 -20 0.06 0.65 7.0 0.05 3.5e+21 -- 1.95 8.33657389605
GRSMC G046.39-00.41 46.39 -0.41 61.6 4.06 0.96 46.5 -0.16 0.53 0.42 55 0.18 0.74 7.4 0.15 3.6e+21 -- 5.6 41.4669074228
GRSMC G040.99+00.04 40.99 0.04 74.8 6.19 0.94 41.2 -0.13 0.25 0.14 14 0.05 0.84 9.1 0.1 4.5e+21 -- 6.4 24.9771190437
GRSMC G031.94+00.79 31.94 0.79 62.0 3.53 0.94 31.9 0.82 0.13 0.1 -37 0.03 0.81 4.6 0.03 2.3e+21 Y 4.05 12.2431457086
GRSMC G043.39-00.06 43.39 -0.06 16.5 4.27 0.94 43.3 -0.08 0.47 0.1 -2 0.08 0.82 6.3 0.06 3.1e+21 -- 11.12 54.8942869692
GRSMC G050.09+00.29 50.09 0.29 53.9 2.35 0.94 50.18 0.25 0.28 0.05 -17 0.02 1.03 14.1 0.03 6.9e+21 -- 5.43 13.4026968634
GRSMC G041.99-00.76 41.99 -0.76 34.8 2.9 0.94 42.0 -0.8 0.21 0.15 5 0.08 0.93 4.8 0.11 2.3e+21 Y 2.33 11.5021302732
GRSMC G037.29-00.11 37.29 -0.11 46.7 4.26 0.94 37.46 -0.35 0.53 0.47 5 0.1 0.79 10.1 0.11 4.9e+21 -- 10.48 57.8413805697
GRSMC G022.34+00.24 22.34 0.24 16.1 3.44 0.94 22.36 0.22 0.1 0.1 6 0.02 0.81 11.9 0.07 5.9e+21 -- 14.27 35.2221886264
GRSMC G022.84+00.59 22.84 0.59 9.3 1.02 0.94 23.07 0.4 0.47 0.09 37 0.03 0.82 1.6 0.01 7.9e+20 -- 0.93 2.81138901456
GRSMC G033.09+00.14 33.09 0.14 70.9 3.97 0.94 33.27 0.04 0.64 0.16 -2 0.12 0.89 6.6 0.19 3.2e+21 -- 4.62 27.9325102092
GRSMC G021.94+00.04 21.94 0.04 103.2 7.93 0.94 22.28 0.02 0.48 0.16 6 0.04 1.02 8.2 0.08 4.1e+21 -- 6.68 23.3175988066
GRSMC G027.69+00.69 27.69 0.69 7.2 2.53 0.94 27.61 0.83 0.56 0.22 4 0.15 0.9 2.4 0.13 1.2e+21 Y 14.32 96.7979177332
GRSMC G041.39-00.91_35.2 41.39 -0.91 35.2 1.92 0.94 41.41 -0.9 0.29 0.09 5 0.02 0.94 2.6 0.02 1.3e+21 Y 2.03 5.01058464692
GRSMC G036.54+00.34 36.54 0.34 71.8 2.3 0.94 36.58 0.21 0.39 0.15 -61 0.02 0.66 5.0 0.01 2.4e+21 -- 4.85 11.97110125
GRSMC G047.79-00.66 47.79 -0.66 68.8 3.04 0.94 47.79 -0.66 0.44 0.11 27 0.05 0.91 6.3 0.07 3.1e+21 -- 5.68 22.1671931513
GRSMC G028.99-00.51 28.99 -0.51 22.0 5.74 0.94 29.08 -0.45 0.51 0.13 -49 0.06 0.94 4.3 0.07 2.1e+21 -- 1.65 7.05402406589
GRSMC G032.09+00.39 32.09 0.39 23.3 1.61 0.94 32.16 0.35 0.09 0.07 45 0.02 0.82 1.9 0.01 9.4e+20 -- 1.65 4.07264269331
GRSMC G045.74-00.61 45.74 -0.61 67.1 3.28 0.94 45.67 -0.41 0.66 0.16 84 0.04 0.75 6.8 0.03 3.4e+21 -- 5.93 20.6996049287
GRSMC G042.34-00.31 42.34 -0.31 27.6 3.67 0.94 42.26 0.06 0.6 0.33 -78 0.13 0.83 9.5 0.13 4.7e+21 -- nan nan
GRSMC G050.89-00.11 50.89 -0.11 59.5 2.65 0.94 51.02 -0.18 0.31 0.3 -15 0.09 0.89 6.2 0.09 3e+21 -- 5.35 28.0125344945
GRSMC G041.04-00.51 41.04 -0.51 75.2 3.71 0.92 41.04 -0.51 0.06 0.06 0 0.01 0.94 7.8 0.03 3.8e+21 -- 6.38 11.1352006277
GRSMC G019.29-00.51 19.29 -0.51 71.3 3.24 0.92 19.06 -0.43 0.57 0.23 -21 0.18 0.76 9.4 0.13 4.6e+21 -- nan nan
GRSMC G048.19-00.61 48.19 -0.61 56.5 2.22 0.92 48.2 -0.68 0.28 0.23 47 0.09 1.0 7.4 0.09 3.6e+21 -- 4.97 26.0228591472
GRSMC G020.49+00.49 20.49 0.49 25.4 2.77 0.92 20.52 0.3 0.42 0.2 -66 0.07 0.82 7.6 0.08 3.7e+21 -- nan nan
GRSMC G030.89-00.51 30.89 -0.51 73.1 1.62 0.92 30.87 -0.5 0.47 0.26 -69 0.07 0.78 3.7 0.06 1.8e+21 -- 9.88 45.6229467082
GRSMC G020.39+00.54 20.39 0.54 26.3 3.62 0.92 20.31 0.49 0.42 0.17 -25 0.08 0.89 5.5 0.12 2.7e+21 -- nan nan
GRSMC G032.99+00.14 32.99 0.14 76.4 3.27 0.92 32.94 -0.03 0.3 0.12 -21 0.05 0.82 5.8 0.05 2.8e+21 -- nan nan
GRSMC G020.99+00.09 20.99 0.09 20.8 5.85 0.92 20.88 0.18 0.46 0.16 5 0.05 0.73 17.1 0.08 8.4e+21 -- 14.02 54.7155014051
GRSMC G036.29+00.34 36.29 0.34 22.0 1.63 0.92 36.35 0.36 0.16 0.1 -45 0.04 1.02 3.4 0.05 1.7e+21 -- 1.55 5.41052068118
GRSMC G038.59+00.69 38.59 0.69 11.4 5.14 0.92 38.7 0.6 0.38 0.1 36 0.09 0.92 2.3 0.06 1.2e+21 -- 0.93 4.86946861306
GRSMC G034.89+00.84 34.89 0.84 30.5 3.81 0.92 34.86 0.79 0.09 0.06 0 0.02 0.77 3.9 0.01 1.9e+21 Y 2.05 5.0599500129
GRSMC G018.84-00.01 18.84 -0.01 109.6 4.8 0.92 18.58 0.08 0.68 0.26 10 0.07 0.84 5.4 0.08 2.7e+21 X 9.07 41.8826039113
GRSMC G028.34-00.01 28.34 -0.01 46.7 2.93 0.92 28.41 -0.18 0.38 0.24 69 0.12 1.0 9.3 0.19 4.6e+21 -- 3.22 19.4681131761
GRSMC G046.89-00.36 46.89 -0.36 48.4 2.89 0.92 46.77 -0.44 0.42 0.13 -43 0.05 0.78 3.9 0.03 1.9e+21 -- 8.05 31.4165325472
GRSMC G034.49-00.91 34.49 -0.91 44.1 3.43 0.92 34.68 -0.79 0.47 0.19 -12 0.12 1.2 9.1 0.14 4.5e+21 Y nan nan
GRSMC G053.59-00.56 53.59 -0.56 23.7 0.87 0.92 53.62 -0.59 0.14 0.08 70 0.02 0.62 2.0 0.01 9.9e+20 -- 8.15 20.1163866367
GRSMC G035.94+00.19 35.94 0.19 33.1 2.35 0.92 36.0 0.15 0.69 0.16 -12 0.06 0.83 7.2 0.05 3.6e+21 -- nan nan
GRSMC G020.09-00.51 20.09 -0.51 22.5 4.95 0.92 20.3 -0.68 0.53 0.17 14 0.06 0.78 5.0 0.04 2.5e+21 Y nan nan
GRSMC G048.89-00.06 48.89 -0.06 61.2 3.05 0.92 49.06 -0.17 0.45 0.23 -74 0.09 1.04 11.7 0.12 5.7e+21 -- 5.57 29.1644518008
GRSMC G036.44+00.29 36.44 0.29 21.6 0.96 0.92 36.45 0.26 0.13 0.08 86 0.03 0.86 2.4 0.02 1.2e+21 -- 1.52 4.59495838939
GRSMC G041.14-00.86 41.14 -0.86 66.7 6.43 0.92 41.38 -0.75 0.3 0.19 14 0.08 0.72 6.4 0.09 3.2e+21 Y nan nan
GRSMC G050.44-00.41 50.44 -0.41 64.1 3.58 0.92 50.36 -0.36 0.4 0.24 11 0.08 1.01 8.0 0.15 3.9e+21 -- 5.4 26.657297629
GRSMC G047.94-00.66 47.94 -0.66 67.1 2.29 0.92 47.94 -0.61 0.56 0.23 84 0.06 0.95 5.3 0.07 2.6e+21 -- 5.7 24.3684467731
GRSMC G021.99-00.06 21.99 -0.06 68.4 5.29 0.92 22.06 -0.22 0.35 0.23 54 0.09 0.75 7.9 0.11 3.9e+21 -- 11.07 57.9623844587
GRSMC G040.04-00.81 40.04 -0.81 29.3 2.55 0.92 40.11 -0.79 0.36 0.07 85 0.03 0.89 4.6 0.03 2.3e+21 Y 1.98 5.98553790197
GRSMC G033.64-00.21 33.64 -0.21 61.2 4.74 0.9 33.87 -0.07 0.76 0.37 52 0.13 0.9 13.3 0.11 6.5e+21 -- 10.15 63.8726722229
GRSMC G037.69-00.86 37.69 -0.86 77.7 2.82 0.9 37.89 -0.71 0.58 0.39 -9 0.1 0.79 5.5 0.1 2.7e+21 Y 5.6 30.907607938
GRSMC G021.59-00.06_103.7 21.59 -0.06 103.7 5.18 0.9 21.54 -0.05 0.34 0.12 -3 0.04 0.82 4.5 0.04 2.2e+21 -- 7.88 27.5063890114
GRSMC G033.39+00.69 33.39 0.69 10.6 3.64 0.9 33.62 0.57 0.85 0.32 -21 0.15 0.9 3.3 0.12 1.6e+21 -- nan nan
GRSMC G024.39+00.64 24.39 0.64 43.3 2.39 0.9 24.37 0.73 0.51 0.12 39 0.04 1.06 2.9 0.04 1.5e+21 Y 3.2 11.1701072128
GRSMC G021.74+00.09 21.74 0.09 95.6 3.11 0.9 22.0 -0.01 1.16 0.25 1 0.32 0.88 9.3 0.38 4.6e+21 -- 9.65 95.2751563405
GRSMC G039.24-00.06 39.24 -0.06 22.5 3.84 0.9 39.11 -0.05 0.32 0.05 18 0.03 0.86 17.5 0.05 8.6e+21 -- 11.6 35.0667877085
GRSMC G031.34-00.46 31.34 -0.46 14.0 5.46 0.9 31.19 -0.42 0.62 0.19 -78 0.15 0.67 2.3 0.05 1.2e+21 Y 1.1 7.43559423928
GRSMC G039.49-00.21 39.49 -0.21 17.4 1.43 0.9 39.5 -0.3 0.26 0.14 26 0.05 0.84 1.6 0.03 7.9e+20 -- nan nan
GRSMC G039.54+00.29 39.54 0.29 15.2 4.31 0.9 39.42 0.25 0.44 0.15 10 0.1 0.81 2.4 0.07 1.2e+21 -- nan nan
GRSMC G022.19+00.34 22.19 0.34 16.1 4.41 0.9 22.2 0.3 0.17 0.1 -49 0.05 1.02 11.6 0.26 5.7e+21 -- 1.45 5.65887853334
GRSMC G043.19+00.89 43.19 0.89 60.7 3.76 0.9 43.23 0.79 0.13 0.09 81 0.03 0.82 7.5 0.05 3.7e+21 -- 4.43 13.3918853059
GRSMC G035.34+00.79 35.34 0.79 80.3 2.06 0.9 35.29 0.41 0.47 0.14 -63 0.04 0.78 3.5 0.04 1.7e+21 -- 5.47 19.0939020168
GRSMC G030.94-00.51 30.94 -0.51 71.8 2.41 0.9 30.92 -0.57 0.17 0.08 -8 0.03 0.84 4.4 0.04 2.2e+21 -- nan nan
GRSMC G050.44-00.21 50.44 -0.21 48.0 3.23 0.9 50.65 -0.45 0.49 0.38 75 0.21 0.75 9.1 0.14 4.5e+21 -- nan nan
GRSMC G042.04+00.19 42.04 0.19 18.2 3.47 0.9 42.0 0.07 0.17 0.07 -75 0.01 0.68 4.7 0.01 2.3e+21 -- 11.3 19.7222205475
GRSMC G040.89-00.21 40.89 -0.21 26.7 4.97 0.9 40.88 -0.19 0.23 0.2 -39 0.04 0.79 9.3 0.07 4.6e+21 -- nan nan
GRSMC G028.14+00.34 28.14 0.34 35.6 4.54 0.88 28.15 0.2 0.34 0.1 -6 0.04 0.82 7.9 0.05 3.9e+21 -- 12.45 43.4586983747
GRSMC G021.69-00.06 21.69 -0.06 91.3 3.86 0.88 22.07 -0.08 0.6 0.33 -19 0.2 0.9 8.9 0.29 4.4e+21 -- 9.93 77.5071225325
GRSMC G041.79+00.49 41.79 0.49 41.2 5.13 0.88 41.73 0.2 0.61 0.28 15 0.24 0.81 6.6 0.29 3.2e+21 -- 9.93 84.9047987567
GRSMC G039.19+00.49 39.19 0.49 28.8 3.99 0.88 39.36 0.57 0.7 0.37 -32 0.33 0.81 5.0 0.37 2.5e+21 Y nan nan
GRSMC G021.69+00.09 21.69 0.09 51.4 5.75 0.88 21.79 -0.3 0.55 0.34 75 0.15 0.87 3.6 0.13 1.8e+21 -- 3.85 26.0245798375
GRSMC G050.84-00.76 50.84 -0.76 61.2 6.14 0.88 51.03 -0.65 0.3 0.19 -9 0.1 0.93 8.1 0.17 4e+21 -- 5.35 29.5278040122
GRSMC G020.99-00.51 20.99 -0.51 41.2 3.82 0.88 21.19 -0.45 0.63 0.29 18 0.15 0.87 8.4 0.26 4.2e+21 Y 12.57 84.9685632616
GRSMC G018.09-00.01 18.09 -0.01 101.1 7.05 0.88 18.18 -0.18 0.18 0.06 67 0.01 0.54 11.1 0.01 5.5e+21 -- 6.62 11.5540796482
GRSMC G043.39-00.66 43.39 -0.66 58.2 1.51 0.88 43.54 -0.64 0.37 0.07 -39 0.01 0.52 3.1 0.01 1.5e+21 -- 8.18 14.2767932813
GRSMC G050.34+00.69 50.34 0.69 26.3 4.24 0.88 51.08 0.79 0.8 0.34 -19 0.07 0.72 6.3 0.05 3.1e+21 Y nan nan
GRSMC G019.39+00.04 19.39 0.04 68.8 2.54 0.88 19.33 -0.11 0.31 0.17 -27 0.06 1.03 7.4 0.07 3.7e+21 -- 4.88 20.8628105706
GRSMC G048.24-00.56 48.24 -0.56 57.8 2.26 0.88 48.3 -0.6 0.09 0.05 -20 0.01 1.07 6.4 0.02 3.2e+21 -- 5.62 9.80875039621
GRSMC G020.59-00.81 20.59 -0.81 42.0 2.85 0.88 20.48 -0.65 0.29 0.19 84 0.03 0.66 4.2 0.02 2.1e+21 -- nan nan
GRSMC G024.99+00.59 24.99 0.59 116.8 3.96 0.88 24.82 0.51 0.29 0.08 -13 0.04 0.73 7.7 0.03 3.8e+21 -- 7.7 26.8780704807
GRSMC G018.64-00.01 18.64 -0.01 129.6 1.37 0.88 18.45 -0.01 0.71 0.07 6 0.04 0.72 2.8 0.02 1.4e+21 X 8.02 27.995081202
GRSMC G025.29+00.34 25.29 0.34 35.2 1.58 0.88 25.24 0.27 0.18 0.11 -53 0.02 0.55 2.3 0.01 1.1e+21 -- 2.62 6.46686294332
GRSMC G036.04+00.09 36.04 0.09 38.2 3.52 0.88 36.25 -0.1 0.51 0.17 25 0.05 0.7 4.8 0.04 2.3e+21 -- nan nan
GRSMC G047.49-00.21 47.49 -0.21 6.7 6.57 0.88 47.68 -0.2 0.52 0.33 -12 0.14 0.7 3.4 0.06 1.7e+21 -- 0.73 4.7672095843
GRSMC G048.69-00.56 48.69 -0.56 63.7 2.26 0.88 48.82 -0.55 0.33 0.11 -46 0.03 0.46 9.7 0.02 4.8e+21 -- nan nan
GRSMC G047.54-00.36 47.54 -0.36 47.5 2.51 0.88 47.64 -0.35 0.33 0.09 -25 0.04 0.75 4.7 0.04 2.3e+21 -- 3.55 12.3918376892
GRSMC G048.99-00.51 48.99 -0.51 47.1 4.09 0.88 49.05 -0.68 0.33 0.08 -79 0.02 0.94 5.2 0.03 2.5e+21 Y 3.67 9.05854465725
GRSMC G025.29-00.11 25.29 -0.11 5.5 3.02 0.88 25.25 -0.22 0.41 0.27 -44 0.16 0.85 3.3 0.11 1.6e+21 -- 0.62 4.32841654495
GRSMC G030.99-00.56 30.99 -0.56 98.1 2.41 0.85 30.93 -0.49 0.51 0.34 -3 0.14 0.73 9.1 0.12 4.5e+21 -- 7.88 51.459741814
GRSMC G037.79+00.24 37.79 0.24 47.5 3.83 0.85 37.74 -0.15 0.24 0.1 86 0.04 0.73 6.6 0.04 3.3e+21 -- 10.32 36.0235957612
GRSMC G045.14-00.01 45.14 -0.01 26.7 4.66 0.85 45.18 -0.15 0.49 0.2 22 0.07 0.69 3.0 0.04 1.5e+21 Y 1.88 8.6812894546
GRSMC G040.29+00.19 40.29 0.19 82.8 3.78 0.85 40.44 0.07 0.45 0.24 -37 0.06 0.78 6.0 0.06 3e+21 -- 6.47 27.6603246705
GRSMC G047.64-00.46 47.64 -0.46 58.2 5.24 0.85 47.81 -0.21 0.64 0.17 -73 0.06 0.72 6.4 0.04 3.1e+21 -- 5.18 22.1453604008
GRSMC G043.49-00.71 43.49 -0.71 41.6 3.55 0.85 43.52 -0.72 0.2 0.13 25 0.04 0.93 5.1 0.05 2.5e+21 -- 2.83 9.87856356629
GRSMC G021.69+00.59 21.69 0.59 31.8 5.8 0.85 21.74 0.49 0.65 0.11 58 0.05 0.78 5.4 0.04 2.7e+21 -- nan nan
GRSMC G031.74-00.36 31.74 -0.36 88.8 2.05 0.85 31.72 -0.45 0.19 0.07 -90 0.02 0.76 4.1 0.01 2e+21 -- 8.65 21.3505207861
GRSMC G029.69+00.24 29.69 0.24 94.7 3.38 0.85 29.71 0.09 0.41 0.23 5 0.16 1.04 11.5 0.31 5.6e+21 -- 6.07 42.3765942384
GRSMC G023.44+01.04 23.44 1.04 8.4 1.36 0.85 23.55 0.68 0.28 0.18 -73 0.06 1.07 3.3 0.04 1.6e+21 Y 0.85 3.63389118546
GRSMC G032.99+00.59 32.99 0.59 90.9 4.1 0.85 33.23 0.33 0.66 0.27 21 0.04 0.94 7.6 0.06 3.8e+21 -- 8.05 28.0998009571
GRSMC G026.59-00.06 26.59 -0.06 65.8 4.45 0.85 26.65 -0.07 0.52 0.23 18 0.09 0.87 12.8 0.12 6.3e+21 -- 10.85 56.8104671524
GRSMC G053.14-00.66 53.14 -0.66 60.7 2.99 0.85 53.1 -0.78 0.4 0.25 -10 0.11 1.03 8.4 0.17 4.1e+21 Y 5.07 29.348213481
GRSMC G027.34-00.21 27.34 -0.21 75.6 4.39 0.85 27.38 -0.13 0.31 0.14 82 0.07 0.85 9.7 0.1 4.8e+21 -- 4.85 22.39587971
GRSMC G050.29-00.46 50.29 -0.46 14.8 3.88 0.85 50.2 -0.49 0.28 0.1 3 0.04 0.62 6.1 0.03 3e+21 -- 9.62 33.5801348084
GRSMC G051.69-00.31 51.69 -0.31 42.0 5.75 0.85 51.58 -0.55 0.43 0.26 -40 0.05 0.61 8.9 0.04 4.4e+21 -- nan nan
GRSMC G038.74-00.46 38.74 -0.46 50.5 4.96 0.85 38.58 -0.41 0.79 0.26 -17 0.09 0.76 9.4 0.1 4.6e+21 -- 9.93 51.9933584169
GRSMC G048.49-00.31 48.49 -0.31 56.9 3.57 0.85 48.61 -0.22 0.34 0.26 7 0.09 0.84 5.2 0.08 2.6e+21 -- 5.85 30.6305283725
GRSMC G052.09+00.29 52.09 0.29 46.3 4.14 0.85 52.09 0.01 0.34 0.19 -77 0.06 0.9 7.2 0.06 3.5e+21 -- 4.2 17.9556976223
GRSMC G034.29-00.31 34.29 -0.31 37.3 3.75 0.85 34.46 -0.21 0.39 0.3 53 0.11 0.85 6.5 0.14 3.2e+21 -- nan nan
GRSMC G039.59-00.01 39.59 -0.01 43.3 1.38 0.85 39.68 -0.02 0.35 0.1 -35 0.05 0.89 3.4 0.03 1.7e+21 -- 2.85 11.1226233241
GRSMC G036.84+00.69 36.84 0.69 45.0 0.83 0.85 36.79 0.69 0.1 0.05 17 0.02 1.15 3.9 0.02 1.9e+21 -- 10.65 26.2870573841
GRSMC G027.24+00.29 27.24 0.29 25.0 8.13 0.85 27.17 0.24 0.65 0.26 47 0.15 0.78 10.6 0.17 5.2e+21 -- 13.23 89.4299198052
GRSMC G032.84+00.04 32.84 0.04 36.5 5.13 0.85 32.82 0.03 0.51 0.3 -28 0.05 0.78 7.0 0.07 3.4e+21 -- nan nan
GRSMC G036.89+00.04 36.89 0.04 15.7 5.34 0.85 36.94 0.03 0.48 0.27 -90 0.09 0.94 2.9 0.06 1.4e+21 -- 12.43 65.0833278069
GRSMC G024.64+00.14 24.64 0.14 39.9 2.77 0.85 24.68 -0.1 0.34 0.22 87 0.05 0.85 7.2 0.07 3.5e+21 -- 2.97 11.5909443062
GRSMC G021.54+00.24 21.54 0.24 78.6 3.82 0.85 21.02 0.05 0.85 0.18 -12 0.12 0.85 10.6 0.2 5.2e+21 -- 10.62 64.2084974939
GRSMC G030.89-00.61 30.89 -0.61 101.9 2.89 0.85 30.88 -0.44 0.31 0.26 -67 0.12 0.82 7.8 0.12 3.8e+21 -- 7.3 44.1357845297
