b02f29338e4b8ae5d53af2402656764.ecsv
# %ECSV 0.9
# ---
# datatype:
# - {name: '---', datatype: string, description: '[GRSMC]'}
# - {name: GRSMC, datatype: string, description: Molecular cloud name (GLLL.ll+BB.bb)
#     (1)}
# - {name: GLON, unit: deg, datatype: float64, description: Galactic longitude}
# - {name: GLAT, unit: deg, datatype: float64, description: Galactic latitude}
# - {name: Vlsr, unit: km / s, datatype: float64, description: Velocity of the peak
#     voxel of the emission}
# - {name: DeltaV, unit: km / s, datatype: float64, description: Velocity FWHM (2)}
# - {name: Tmb, unit: K, datatype: float64, description: Main beam temperature of the
#     peak voxel}
# - {name: GLONc, unit: deg, datatype: float64, description: Galactic longitude of centroid
#     (3)}
# - {name: GLATc, unit: deg, datatype: float64, description: Galactic latitude of centroid
#     (3)}
# - {name: a, unit: deg, datatype: float64, description: Semimajor axis of fitted ellipse
#     (4)}
# - {name: b, unit: deg, datatype: float64, description: Semiminor axis of fitted ellipse
#     (4)}
# - {name: pa, unit: deg, datatype: int64, description: '[-90/90] Position angle of
#     fitted ellipse (5)'}
# - {name: Area, unit: deg2, datatype: float64, description: Projected two-dimensional
#     area}
# - {name: Tav, unit: K, datatype: float64, description: Average main beam temperature
#     of the cloud (6)}
# - {name: Ipeak, unit: K km / s, datatype: float64, description: Peak integrated intensity}
# - {name: Itot, unit: K km / (deg2 s), datatype: float64, description: Total ^13^CO
#     integrated intensity}
# - {name: N(H2), unit: 1e+22 / cm2, datatype: float64, description: Peak H2 column
#     density}
# - {name: Flag, datatype: string, description: '[YXV- ] Boundary flag(s) (G1)'}
# - {name: Dist, unit: kpc, datatype: float64, description: Kinematic distance to the
#     cloud}
# - {name: radius, unit: pc, datatype: float64, description: Radius = sqrt(area)}
--- GRSMC GLON GLAT Vlsr DeltaV Tmb GLONc GLATc a b pa Area Tav Ipeak Itot N(H2) Flag Dist radius
[from data line 808]
GRSMC G037.29-00.26 37.29 -0.26 37.8 5.4 0.85 37.22 -0.31 0.49 0.3 84 0.05 0.61 10.4 0.05 5.1e+21 -- 11.05 43.1245570989
GRSMC G041.29+00.34 41.29 0.34 14.8 5.09 0.85 41.17 0.18 0.3 0.1 -51 0.03 0.6 7.6 0.03 3.7e+21 -- 11.65 35.2179376555
GRSMC G046.59+00.19 46.59 0.19 8.4 2.76 0.85 46.59 0.11 0.57 0.13 -82 0.05 0.88 5.1 0.06 2.5e+21 -- 0.8 3.12213988046
GRSMC G037.24-00.36 37.24 -0.36 67.5 5.12 0.83 37.3 -0.25 0.64 0.23 4 0.09 0.91 5.3 0.09 2.6e+21 -- 9.0 47.1238898038
GRSMC G053.19+00.19 53.19 0.19 5.0 9.13 0.83 53.61 0.25 0.98 0.28 3 0.04 0.8 12.8 0.05 6.3e+21 V 9.5 33.1612557879
GRSMC G053.59+00.29 53.59 0.29 40.7 2.43 0.83 53.58 0.17 0.42 0.37 -7 0.02 0.73 11.6 0.02 5.7e+21 -- 6.45 15.9203305284
GRSMC G055.14+00.14_36.5 55.14 0.14 36.5 2.33 0.83 55.25 0.02 0.34 0.23 86 0.1 0.95 5.5 0.08 2.7e+21 -- 3.78 20.8626353582
GRSMC G047.24-00.46 47.24 -0.46 48.0 2.17 0.83 47.23 -0.61 0.36 0.14 -70 0.07 0.79 4.0 0.08 2e+21 Y 3.55 16.3928604063
GRSMC G025.74+00.39 25.74 0.39 93.4 2.93 0.83 25.87 0.31 0.54 0.28 4 0.09 0.8 5.9 0.07 2.9e+21 -- 9.5 49.7418836818
GRSMC G041.59+00.29 41.59 0.29 59.0 3.04 0.83 41.55 0.03 0.19 0.13 -52 0.05 0.8 4.7 0.05 2.3e+21 -- 4.1 16.0009668874
GRSMC G037.89+01.04 37.89 1.04 11.0 9.08 0.83 37.79 0.58 0.61 0.33 59 0.08 0.76 5.8 0.06 2.9e+21 Y 12.5 61.7067074744
GRSMC G021.59-00.06_114.7 21.59 -0.06 114.7 4.61 0.83 21.93 0.15 0.49 0.17 -15 0.12 0.9 8.5 0.29 4.2e+21 -- 7.88 47.6424633006
GRSMC G022.44-00.16 22.44 -0.16 29.7 6.03 0.83 22.72 -0.16 0.58 0.18 -8 0.06 0.84 9.1 0.09 4.5e+21 -- 13.3 56.8597091372
GRSMC G028.99-00.41 28.99 -0.41 65.8 4.43 0.83 29.07 -0.51 0.49 0.32 73 0.17 0.94 8.2 0.25 4e+21 Y 4.3 30.943560487
GRSMC G027.29-00.51 27.29 -0.51 69.2 3.08 0.83 27.31 -0.67 0.3 0.18 -50 0.07 0.82 7.5 0.1 3.7e+21 -- 4.53 20.9182134199
GRSMC G030.59+00.99 30.59 0.99 51.4 1.76 0.83 30.52 0.92 0.15 0.08 -6 0.03 0.93 4.6 0.06 2.3e+21 Y 3.43 10.3688863655
GRSMC G018.29+00.04 18.29 0.04 24.6 3.06 0.83 18.45 0.03 0.28 0.17 1 0.07 0.84 8.5 0.14 4.2e+21 -- nan nan
GRSMC G038.49+00.94 38.49 0.94 11.0 1.8 0.83 38.53 0.86 0.1 0.09 -67 0.03 1.1 1.3 0.01 6.4e+20 -- nan nan
GRSMC G024.59+00.29 24.59 0.29 60.7 4.77 0.83 24.43 0.07 0.43 0.19 -16 0.12 0.75 8.8 0.12 4.3e+21 -- 4.18 25.2722711417
GRSMC G037.59+00.04 37.59 0.04 63.7 2.3 0.83 37.57 -0.14 0.41 0.23 -7 0.13 0.94 8.1 0.17 4e+21 -- nan nan
GRSMC G030.39+00.34 30.39 0.34 111.7 3.59 0.83 30.42 0.14 0.22 0.17 -41 0.04 0.83 10.2 0.05 5e+21 -- 7.3 25.4818070791
